Graph input: 
[0, 83, 93, 129, 133, 139, 151, 169, 135, 114, 110, 98, 99, 95, 81, 152, 159, 181, 172, 185, 147, 157, 185, 220, 127, 181]
[83, 0, 40, 53, 62, 64, 91, 116, 93, 84, 95, 98, 89, 68, 67, 127, 156, 175, 152, 165, 160, 180, 223, 268, 179, 197]
[93, 40, 0, 42, 42, 49, 59, 81, 54, 44, 58, 64, 54, 31, 36, 86, 117, 135, 112, 125, 124, 147, 193, 241, 157, 161]
[129, 53, 42, 0, 11, 11, 46, 72, 65, 70, 88, 100, 89, 66, 76, 102, 142, 156, 127, 139, 155, 180, 228, 278, 197, 190]
[133, 62, 42, 11, 0, 9, 35, 61, 55, 62, 82, 95, 84, 62, 74, 93, 133, 146, 117, 128, 148, 173, 222, 272, 194, 182]
[139, 64, 49, 11, 9, 0, 39, 65, 63, 71, 90, 103, 92, 71, 82, 100, 141, 153, 124, 135, 156, 181, 230, 280, 202, 190]
[151, 91, 59, 46, 35, 39, 0, 26, 34, 52, 71, 88, 77, 63, 78, 66, 110, 119, 88, 98, 130, 156, 206, 257, 188, 160]
[169, 116, 81, 72, 61, 65, 26, 0, 37, 59, 75, 92, 83, 76, 91, 54, 98, 103, 70, 78, 122, 148, 198, 250, 188, 148]
[135, 93, 54, 65, 55, 63, 34, 37, 0, 22, 39, 56, 47, 40, 55, 37, 78, 91, 62, 74, 96, 122, 172, 223, 155, 128]
[114, 84, 44, 70, 62, 71, 52, 59, 22, 0, 20, 36, 26, 20, 34, 43, 74, 91, 68, 82, 86, 111, 160, 210, 136, 121]
[110, 95, 58, 88, 82, 90, 71, 75, 39, 20, 0, 18, 11, 27, 32, 42, 61, 80, 64, 77, 68, 92, 140, 190, 116, 103]
[98, 98, 64, 100, 95, 103, 88, 92, 56, 36, 18, 0, 11, 34, 31, 56, 63, 85, 75, 87, 62, 83, 129, 178, 100, 99]
[99, 89, 54, 89, 84, 92, 77, 83, 47, 26, 11, 11, 0, 23, 24, 53, 68, 89, 74, 87, 71, 93, 140, 189, 111, 107]
[95, 68, 31, 66, 62, 71, 63, 76, 40, 20, 27, 34, 23, 0, 15, 62, 87, 106, 87, 100, 93, 116, 163, 212, 132, 130]
[81, 67, 36, 76, 74, 82, 78, 91, 55, 34, 32, 31, 24, 15, 0, 73, 92, 112, 96, 109, 93, 113, 158, 205, 122, 130]
[152, 127, 86, 102, 93, 100, 66, 54, 37, 43, 42, 56, 53, 62, 73, 0, 44, 54, 26, 39, 68, 94, 144, 196, 139, 95]
[159, 156, 117, 142, 133, 141, 110, 98, 78, 74, 61, 63, 68, 87, 92, 44, 0, 22, 34, 38, 30, 53, 102, 154, 109, 51]
[181, 175, 135, 156, 146, 153, 119, 103, 91, 91, 80, 85, 89, 106, 112, 54, 22, 0, 33, 29, 46, 64, 107, 157, 125, 51]
[172, 152, 112, 127, 117, 124, 88, 70, 62, 68, 64, 75, 74, 87, 96, 26, 34, 33, 0, 13, 63, 87, 135, 186, 141, 81]
[185, 165, 125, 139, 128, 135, 98, 78, 74, 82, 77, 87, 87, 100, 109, 39, 38, 29, 13, 0, 68, 90, 136, 186, 148, 79]
[147, 160, 124, 155, 148, 156, 130, 122, 96, 86, 68, 62, 71, 93, 93, 68, 30, 46, 63, 68, 0, 26, 77, 128, 80, 37]
[157, 180, 147, 180, 173, 181, 156, 148, 122, 111, 92, 83, 93, 116, 113, 94, 53, 64, 87, 90, 26, 0, 50, 102, 65, 27]
[185, 223, 193, 228, 222, 230, 206, 198, 172, 160, 140, 129, 140, 163, 158, 144, 102, 107, 135, 136, 77, 50, 0, 51, 64, 58]
[220, 268, 241, 278, 272, 280, 257, 250, 223, 210, 190, 178, 189, 212, 205, 196, 154, 157, 186, 186, 128, 102, 51, 0, 93, 107]
[127, 179, 157, 197, 194, 202, 188, 188, 155, 136, 116, 100, 111, 132, 122, 139, 109, 125, 141, 148, 80, 65, 64, 93, 0, 90]
[181, 197, 161, 190, 182, 190, 160, 148, 128, 121, 103, 99, 107, 130, 130, 95, 51, 51, 81, 79, 37, 27, 58, 107, 90, 0]
Graph:  defaultdict(<class 'dict'>, {0: {1: 83, 2: 93, 3: 129, 4: 133, 5: 139, 6: 151, 7: 169, 8: 135, 9: 114, 10: 110, 11: 98, 12: 99, 13: 95, 14: 81, 15: 152, 16: 159, 17: 181, 18: 172, 19: 185, 20: 147, 21: 157, 22: 185, 23: 220, 24: 127, 25: 181}, 1: {0: 83, 2: 40, 3: 53, 4: 62, 5: 64, 6: 91, 7: 116, 8: 93, 9: 84, 10: 95, 11: 98, 12: 89, 13: 68, 14: 67, 15: 127, 16: 156, 17: 175, 18: 152, 19: 165, 20: 160, 21: 180, 22: 223, 23: 268, 24: 179, 25: 197}, 2: {0: 93, 1: 40, 3: 42, 4: 42, 5: 49, 6: 59, 7: 81, 8: 54, 9: 44, 10: 58, 11: 64, 12: 54, 13: 31, 14: 36, 15: 86, 16: 117, 17: 135, 18: 112, 19: 125, 20: 124, 21: 147, 22: 193, 23: 241, 24: 157, 25: 161}, 3: {0: 129, 1: 53, 2: 42, 4: 11, 5: 11, 6: 46, 7: 72, 8: 65, 9: 70, 10: 88, 11: 100, 12: 89, 13: 66, 14: 76, 15: 102, 16: 142, 17: 156, 18: 127, 19: 139, 20: 155, 21: 180, 22: 228, 23: 278, 24: 197, 25: 190}, 4: {0: 133, 1: 62, 2: 42, 3: 11, 5: 9, 6: 35, 7: 61, 8: 55, 9: 62, 10: 82, 11: 95, 12: 84, 13: 62, 14: 74, 15: 93, 16: 133, 17: 146, 18: 117, 19: 128, 20: 148, 21: 173, 22: 222, 23: 272, 24: 194, 25: 182}, 5: {0: 139, 1: 64, 2: 49, 3: 11, 4: 9, 6: 39, 7: 65, 8: 63, 9: 71, 10: 90, 11: 103, 12: 92, 13: 71, 14: 82, 15: 100, 16: 141, 17: 153, 18: 124, 19: 135, 20: 156, 21: 181, 22: 230, 23: 280, 24: 202, 25: 190}, 6: {0: 151, 1: 91, 2: 59, 3: 46, 4: 35, 5: 39, 7: 26, 8: 34, 9: 52, 10: 71, 11: 88, 12: 77, 13: 63, 14: 78, 15: 66, 16: 110, 17: 119, 18: 88, 19: 98, 20: 130, 21: 156, 22: 206, 23: 257, 24: 188, 25: 160}, 7: {0: 169, 1: 116, 2: 81, 3: 72, 4: 61, 5: 65, 6: 26, 8: 37, 9: 59, 10: 75, 11: 92, 12: 83, 13: 76, 14: 91, 15: 54, 16: 98, 17: 103, 18: 70, 19: 78, 20: 122, 21: 148, 22: 198, 23: 250, 24: 188, 25: 148}, 8: {0: 135, 1: 93, 2: 54, 3: 65, 4: 55, 5: 63, 6: 34, 7: 37, 9: 22, 10: 39, 11: 56, 12: 47, 13: 40, 14: 55, 15: 37, 16: 78, 17: 91, 18: 62, 19: 74, 20: 96, 21: 122, 22: 172, 23: 223, 24: 155, 25: 128}, 9: {0: 114, 1: 84, 2: 44, 3: 70, 4: 62, 5: 71, 6: 52, 7: 59, 8: 22, 10: 20, 11: 36, 12: 26, 13: 20, 14: 34, 15: 43, 16: 74, 17: 91, 18: 68, 19: 82, 20: 86, 21: 111, 22: 160, 23: 210, 24: 136, 25: 121}, 10: {0: 110, 1: 95, 2: 58, 3: 88, 4: 82, 5: 90, 6: 71, 7: 75, 8: 39, 9: 20, 11: 18, 12: 11, 13: 27, 14: 32, 15: 42, 16: 61, 17: 80, 18: 64, 19: 77, 20: 68, 21: 92, 22: 140, 23: 190, 24: 116, 25: 103}, 11: {0: 98, 1: 98, 2: 64, 3: 100, 4: 95, 5: 103, 6: 88, 7: 92, 8: 56, 9: 36, 10: 18, 12: 11, 13: 34, 14: 31, 15: 56, 16: 63, 17: 85, 18: 75, 19: 87, 20: 62, 21: 83, 22: 129, 23: 178, 24: 100, 25: 99}, 12: {0: 99, 1: 89, 2: 54, 3: 89, 4: 84, 5: 92, 6: 77, 7: 83, 8: 47, 9: 26, 10: 11, 11: 11, 13: 23, 14: 24, 15: 53, 16: 68, 17: 89, 18: 74, 19: 87, 20: 71, 21: 93, 22: 140, 23: 189, 24: 111, 25: 107}, 13: {0: 95, 1: 68, 2: 31, 3: 66, 4: 62, 5: 71, 6: 63, 7: 76, 8: 40, 9: 20, 10: 27, 11: 34, 12: 23, 14: 15, 15: 62, 16: 87, 17: 106, 18: 87, 19: 100, 20: 93, 21: 116, 22: 163, 23: 212, 24: 132, 25: 130}, 14: {0: 81, 1: 67, 2: 36, 3: 76, 4: 74, 5: 82, 6: 78, 7: 91, 8: 55, 9: 34, 10: 32, 11: 31, 12: 24, 13: 15, 15: 73, 16: 92, 17: 112, 18: 96, 19: 109, 20: 93, 21: 113, 22: 158, 23: 205, 24: 122, 25: 130}, 15: {0: 152, 1: 127, 2: 86, 3: 102, 4: 93, 5: 100, 6: 66, 7: 54, 8: 37, 9: 43, 10: 42, 11: 56, 12: 53, 13: 62, 14: 73, 16: 44, 17: 54, 18: 26, 19: 39, 20: 68, 21: 94, 22: 144, 23: 196, 24: 139, 25: 95}, 16: {0: 159, 1: 156, 2: 117, 3: 142, 4: 133, 5: 141, 6: 110, 7: 98, 8: 78, 9: 74, 10: 61, 11: 63, 12: 68, 13: 87, 14: 92, 15: 44, 17: 22, 18: 34, 19: 38, 20: 30, 21: 53, 22: 102, 23: 154, 24: 109, 25: 51}, 17: {0: 181, 1: 175, 2: 135, 3: 156, 4: 146, 5: 153, 6: 119, 7: 103, 8: 91, 9: 91, 10: 80, 11: 85, 12: 89, 13: 106, 14: 112, 15: 54, 16: 22, 18: 33, 19: 29, 20: 46, 21: 64, 22: 107, 23: 157, 24: 125, 25: 51}, 18: {0: 172, 1: 152, 2: 112, 3: 127, 4: 117, 5: 124, 6: 88, 7: 70, 8: 62, 9: 68, 10: 64, 11: 75, 12: 74, 13: 87, 14: 96, 15: 26, 16: 34, 17: 33, 19: 13, 20: 63, 21: 87, 22: 135, 23: 186, 24: 141, 25: 81}, 19: {0: 185, 1: 165, 2: 125, 3: 139, 4: 128, 5: 135, 6: 98, 7: 78, 8: 74, 9: 82, 10: 77, 11: 87, 12: 87, 13: 100, 14: 109, 15: 39, 16: 38, 17: 29, 18: 13, 20: 68, 21: 90, 22: 136, 23: 186, 24: 148, 25: 79}, 20: {0: 147, 1: 160, 2: 124, 3: 155, 4: 148, 5: 156, 6: 130, 7: 122, 8: 96, 9: 86, 10: 68, 11: 62, 12: 71, 13: 93, 14: 93, 15: 68, 16: 30, 17: 46, 18: 63, 19: 68, 21: 26, 22: 77, 23: 128, 24: 80, 25: 37}, 21: {0: 157, 1: 180, 2: 147, 3: 180, 4: 173, 5: 181, 6: 156, 7: 148, 8: 122, 9: 111, 10: 92, 11: 83, 12: 93, 13: 116, 14: 113, 15: 94, 16: 53, 17: 64, 18: 87, 19: 90, 20: 26, 22: 50, 23: 102, 24: 65, 25: 27}, 22: {0: 185, 1: 223, 2: 193, 3: 228, 4: 222, 5: 230, 6: 206, 7: 198, 8: 172, 9: 160, 10: 140, 11: 129, 12: 140, 13: 163, 14: 158, 15: 144, 16: 102, 17: 107, 18: 135, 19: 136, 20: 77, 21: 50, 23: 51, 24: 64, 25: 58}, 23: {0: 220, 1: 268, 2: 241, 3: 278, 4: 272, 5: 280, 6: 257, 7: 250, 8: 223, 9: 210, 10: 190, 11: 178, 12: 189, 13: 212, 14: 205, 15: 196, 16: 154, 17: 157, 18: 186, 19: 186, 20: 128, 21: 102, 22: 51, 24: 93, 25: 107}, 24: {0: 127, 1: 179, 2: 157, 3: 197, 4: 194, 5: 202, 6: 188, 7: 188, 8: 155, 9: 136, 10: 116, 11: 100, 12: 111, 13: 132, 14: 122, 15: 139, 16: 109, 17: 125, 18: 141, 19: 148, 20: 80, 21: 65, 22: 64, 23: 93, 25: 90}, 25: {0: 181, 1: 197, 2: 161, 3: 190, 4: 182, 5: 190, 6: 160, 7: 148, 8: 128, 9: 121, 10: 103, 11: 99, 12: 107, 13: 130, 14: 130, 15: 95, 16: 51, 17: 51, 18: 81, 19: 79, 20: 37, 21: 27, 22: 58, 23: 107, 24: 90}})
MST:  [(4, 5, 9), (3, 4, 11), (10, 12, 11), (11, 12, 11), (18, 19, 13), (13, 14, 15), (9, 10, 20), (9, 13, 20), (8, 9, 22), (16, 17, 22), (6, 7, 26), (15, 18, 26), (20, 21, 26), (21, 25, 27), (17, 19, 29), (16, 20, 30), (2, 13, 31), (6, 8, 34), (4, 6, 35), (8, 15, 37), (1, 2, 40), (21, 22, 50), (22, 23, 51), (22, 24, 64), (0, 14, 81)]
Odd Vert:  [4, 5, 3, 11, 13, 9, 8, 6, 7, 21, 25, 1, 22, 23, 24, 0]
Updated MST:  [(4, 5, 9), (3, 4, 11), (10, 12, 11), (11, 12, 11), (18, 19, 13), (13, 14, 15), (9, 10, 20), (9, 13, 20), (8, 9, 22), (16, 17, 22), (6, 7, 26), (15, 18, 26), (20, 21, 26), (21, 25, 27), (17, 19, 29), (16, 20, 30), (2, 13, 31), (6, 8, 34), (4, 6, 35), (8, 15, 37), (1, 2, 40), (21, 22, 50), (22, 23, 51), (22, 24, 64), (0, 14, 81), (23, 22, 51), (13, 9, 20), (7, 6, 26), (24, 21, 65), (11, 8, 56), (1, 3, 53), (5, 4, 9), (0, 25, 181)]
Eulerian Circuit [5, 4, 3, 1, 2, 13, 9, 13, 14, 0, 25, 21, 22, 23, 22, 24, 21, 20, 16, 17, 19, 18, 15, 8, 9, 10, 12, 11, 8, 6, 7, 6, 4, 5]
Hamiltonian : (1158, [5, 4, 2, 3, 14, 10, 15, 1, 26, 22, 23, 24, 25, 21, 17, 18, 20, 19, 16, 9, 11, 13, 12, 7, 8, 6])

The input is a 26 by 26 Adjecency List

Our solution using the naive algorithm is: [5, 4, 2, 3, 14, 10, 15, 1, 26, 22, 23, 24, 25, 21, 17, 18, 20, 19, 16, 9, 11, 13, 12, 7, 8, 6]
Runtime of our algorithm is: 0.0006725788116455078 seconds
